'''RandomForestClassifier, drugi pomiar, jest progress '''

Accuracy:

0.9197689164435677

 Report:

              precision    recall  f1-score   support

           0       0.99      1.00      1.00     32012
           1       0.00      0.00      0.00         5
           2       0.09      0.04      0.06        71
           3       0.00      0.00      0.00         8
           4       0.00      0.00      0.00         1
           5       0.07      0.05      0.06        57
           6       0.00      0.00      0.00         5
           7       0.00      0.00      0.00         7
           8       0.00      0.00      0.00         1
           9       0.00      0.00      0.00         1
          10       0.07      0.03      0.04        71
          11       0.00      0.00      0.00         5
          12       0.00      0.00      0.00         1
          13       0.00      0.00      0.00        19
          14       0.00      0.00      0.00         1
          15       0.00      0.00      0.00         3
          16       0.00      0.00      0.00         3
          17       0.06      0.04      0.04       167
          18       0.00      0.00      0.00         1
          19       0.00      0.00      0.00         7
          20       0.00      0.00      0.00         1
          21       0.00      0.00      0.00        24
          22       0.00      0.00      0.00         1
          23       0.03      0.10      0.05        10
          24       0.00      0.00      0.00        12
          25       0.00      0.00      0.00         3
          26       0.13      0.22      0.16       276
          27       0.00      0.00      0.00         2
          28       0.00      0.00      0.00         4
          29       0.00      0.00      0.00        21
          30       0.00      0.00      0.00         4
          31       0.03      0.03      0.03        36
          32       0.00      0.00      0.00         3
          33       0.00      0.00      0.00         9
          34       0.00      0.00      0.00        13
          35       0.00      0.00      0.00         8
          36       0.23      0.32      0.27       605
          37       0.00      0.00      0.00         6
          38       0.00      0.00      0.00         9
          39       0.03      0.03      0.03        35
          40       0.50      0.12      0.20         8
          41       0.09      0.04      0.06        49
          42       0.00      0.00      0.00        10
          43       0.00      0.00      0.00        17
          44       0.00      0.00      0.00        10
          45       0.00      0.00      0.00        11
          46       0.15      0.14      0.14       447
          47       0.00      0.00      0.00         7
          48       0.00      0.00      0.00         5
          49       0.00      0.00      0.00        16
          50       0.20      0.07      0.10        15
          51       0.00      0.00      0.00        46
          52       0.00      0.00      0.00         4
          53       0.00      0.00      0.00         9
          54       0.00      0.00      0.00        13
          55       0.00      0.00      0.00         3
          56       0.18      0.17      0.17       424
          57       0.25      0.12      0.17         8
          58       0.00      0.00      0.00         4
          59       0.00      0.00      0.00        20
          60       0.00      0.00      0.00        11
          61       0.33      0.05      0.09        20
          62       0.00      0.00      0.00         3
          63       0.00      0.00      0.00         6
          64       0.00      0.00      0.00         5
          65       0.00      0.00      0.00         1
          66       0.06      0.03      0.04       155
          67       0.00      0.00      0.00         3
          68       0.00      0.00      0.00         2
          69       0.00      0.00      0.00         2
          70       0.00      0.00      0.00        15
          71       0.00      0.00      0.00         2
          72       0.38      0.40      0.39       606

   micro avg       0.92      0.92      0.92     35485
   macro avg       0.05      0.04      0.04     35485
weighted avg       0.91      0.92      0.92     35485


 Matrix:

[[31979     0     0 ...     0     0     6]
 [    0     0     0 ...     0     0     0]
 [    6     0     3 ...     0     0    11]
 ...
 [    0     0     0 ...     0     0     5]
 [    0     0     0 ...     0     0     0]
 [   35     0     4 ...     0     0   244]]