Accuracy:
#DecisionTreeClassifier
''' wynik jest mocno zawyżony, ponieważ zawiera wiele słabych filmów o ocenie 0'''

0.9150063407073411

 Report:

              precision    recall  f1-score   support

           0       1.00      1.00      1.00     31966
           1       0.00      0.00      0.00         5
           2       0.08      0.06      0.07        70
           3       0.00      0.00      0.00         7
           4       0.00      0.00      0.00         1
           5       0.00      0.00      0.00        56
           6       0.00      0.00      0.00         3
           7       0.00      0.00      0.00         6
           9       0.00      0.00      0.00         1
          10       0.08      0.04      0.06        72
          11       0.00      0.00      0.00         3
          12       0.00      0.00      0.00         2
          13       0.00      0.00      0.00        17
          14       0.00      0.00      0.00         1
          15       0.00      0.00      0.00         3
          16       0.00      0.00      0.00         2
          17       0.08      0.11      0.09       155
          18       0.00      0.00      0.00         2
          19       0.00      0.00      0.00         7
          20       0.00      0.00      0.00         1
          21       0.03      0.04      0.04        24
          22       0.00      0.00      0.00         0
          23       0.00      0.00      0.00        14
          24       0.00      0.00      0.00        14
          25       0.00      0.00      0.00         3
          26       0.07      0.08      0.07       292
          27       0.00      0.00      0.00         2
          28       0.00      0.00      0.00         5
          29       0.00      0.00      0.00        22
          30       0.00      0.00      0.00         2
          31       0.03      0.06      0.04        35
          32       0.00      0.00      0.00         6
          33       0.00      0.00      0.00         9
          34       0.00      0.00      0.00        13
          35       0.00      0.00      0.00        10
          36       0.23      0.24      0.23       619
          37       0.00      0.00      0.00         7
          38       0.00      0.00      0.00        10
          39       0.12      0.07      0.09        40
          40       0.00      0.00      0.00        10
          41       0.05      0.04      0.04        50
          42       0.05      0.11      0.07         9
          43       0.03      0.06      0.04        16
          44       0.00      0.00      0.00        10
          45       0.00      0.00      0.00        10
          46       0.15      0.17      0.15       454
          47       0.07      0.09      0.08        11
          48       0.00      0.00      0.00         7
          49       0.06      0.05      0.05        21
          50       0.05      0.10      0.07        10
          51       0.02      0.02      0.02        47
          52       0.00      0.00      0.00         5
          53       0.00      0.00      0.00        10
          54       0.00      0.00      0.00        15
          55       0.00      0.00      0.00         3
          56       0.18      0.16      0.17       424
          57       0.50      0.11      0.18         9
          58       0.00      0.00      0.00         4
          59       0.00      0.00      0.00        16
          60       0.00      0.00      0.00        10
          61       0.00      0.00      0.00        17
          62       0.00      0.00      0.00         3
          63       0.00      0.00      0.00         6
          64       0.00      0.00      0.00         5
          66       0.05      0.05      0.05       157
          67       0.00      0.00      0.00         2
          68       0.00      0.00      0.00         3
          69       0.00      0.00      0.00         3
          70       0.00      0.00      0.00        16
          71       0.00      0.00      0.00         2
          72       0.32      0.28      0.30       613

   micro avg       0.92      0.92      0.92     35485
   macro avg       0.05      0.04      0.04     35485
weighted avg       0.91      0.92      0.91     35485


 Matrix:

[[31937     0     0 ...     0     0     2]
 [    0     0     0 ...     0     0     1]
 [    0     0     4 ...     0     0     9]
 ...
 [    0     0     0 ...     0     0     5]
 [    0     0     0 ...     0     0     0]
 [    7     0    10 ...     0     0   172]]

 ''' wynik z 23.01.2019'''