''' AdaBoostClassifier, trzeci pomiar, gorszy wynik '''

Accuracy:

0.917091728899535

 Report:

              precision    recall  f1-score   support

           0       1.00      1.00      1.00     31976
           1       0.00      0.00      0.00         3
           2       0.00      0.00      0.00        67
           3       0.00      0.00      0.00         7
           4       0.00      0.00      0.00         1
           5       0.00      0.00      0.00        59
           6       0.00      0.00      0.00         4
           7       0.00      0.00      0.00         7
           8       0.00      0.00      0.00         1
           9       0.00      0.00      0.00         1
          10       0.00      0.00      0.00        73
          11       0.00      0.00      0.00         5
          12       0.00      0.00      0.00         2
          13       0.00      0.00      0.00        19
          14       0.00      0.00      0.00         1
          15       0.00      0.00      0.00         3
          16       0.00      0.00      0.00         3
          17       0.00      0.00      0.00       156
          18       0.00      0.00      0.00         1
          19       0.00      0.00      0.00         8
          21       0.00      0.00      0.00        20
          22       0.00      0.00      0.00         1
          23       0.00      0.00      0.00        11
          24       0.00      0.00      0.00        13
          25       0.00      0.00      0.00         4
          26       0.00      0.00      0.00       296
          27       0.00      0.00      0.00         2
          28       0.00      0.00      0.00         6
          29       0.00      0.00      0.00        19
          30       0.00      0.00      0.00         4
          31       0.00      0.00      0.00        39
          32       0.00      0.00      0.00         5
          33       0.00      0.00      0.00         8
          34       0.00      0.00      0.00        18
          35       0.00      0.00      0.00         9
          36       0.00      0.00      0.00       617
          37       0.00      0.00      0.00         4
          38       0.00      0.00      0.00         9
          39       0.00      0.00      0.00        38
          40       0.00      0.00      0.00         8
          41       0.04      0.39      0.07        46
          42       0.00      0.00      0.00        12
          43       0.00      0.00      0.00        16
          44       0.00      0.00      0.00        10
          45       0.00      0.00      0.00        13
          46       0.00      0.00      0.00       461
          47       0.00      0.00      0.00        11
          48       0.00      0.00      0.00         7
          49       0.00      0.00      0.00        23
          50       0.00      0.00      0.00        15
          51       0.00      0.00      0.00        38
          52       0.00      0.00      0.00         8
          53       0.00      0.00      0.00        10
          54       0.00      0.00      0.00        13
          55       0.00      0.00      0.00         3
          56       0.00      0.00      0.00       423
          57       0.00      0.00      0.00         8
          58       0.00      0.00      0.00         1
          59       0.00      0.00      0.00        18
          60       0.00      0.00      0.00         7
          61       0.00      0.00      0.00        17
          62       0.00      0.00      0.00         3
          63       0.00      0.00      0.00         6
          64       0.00      0.00      0.00         4
          65       0.00      0.00      0.00         1
          66       0.00      0.00      0.00       161
          67       0.00      0.00      0.00         2
          68       0.00      0.00      0.00         2
          69       0.00      0.00      0.00         3
          70       0.00      0.00      0.00        13
          71       0.00      0.00      0.00         1
          72       0.20      0.98      0.33       601

   micro avg       0.92      0.92      0.92     35485
   macro avg       0.02      0.03      0.02     35485
weighted avg       0.90      0.92      0.91     35485


 Matrix:

[[31939     0     0 ...     0     0    31]
 [    0     0     0 ...     0     0     3]
 [    0     0     0 ...     0     0    66]
 ...
 [    0     0     0 ...     0     0    10]
 [    0     0     0 ...     0     0     1]
 [    0     0     0 ...     0     0   586]]