'''DecisionTreeClassifier, czwarty pomiar '''
''' dane nie są śmieciowe, stąd niska precyzja '''
Accuracy:

0.13563667970447632

 Report:

              precision    recall  f1-score   support

           0       1.00      1.00      1.00      2217
           1       0.00      0.00      0.00         8
           2       0.00      0.00      0.00         2
           3       0.07      0.07      0.07        57
           4       0.00      0.00      0.00         1
           5       0.00      0.00      0.00         2
           6       0.00      0.00      0.00        12
           7       0.00      0.00      0.00         3
           8       0.00      0.00      0.00        19
           9       0.00      0.00      0.00         7
          10       0.00      0.00      0.00        11
          11       0.00      0.00      0.00         5
          12       0.00      0.00      0.00         4
          13       0.14      0.12      0.13       146
          14       0.03      0.04      0.04        97
          15       0.00      0.00      0.00        17
          16       0.00      0.00      0.00         9
          17       0.00      0.00      0.00        23
          18       0.00      0.00      0.00        11
          19       0.00      0.00      0.00        58
          20       0.00      0.00      0.00        19
          21       0.04      0.03      0.03        33
          22       0.00      0.00      0.00        44
          23       0.00      0.00      0.00        33
          24       0.01      0.01      0.01       171
          25       0.00      0.00      0.00        28
          26       0.00      0.00      0.00        49
          27       0.04      0.05      0.05        78
          28       0.00      0.00      0.00        44
          29       0.02      0.01      0.02       149
          30       0.01      0.02      0.02        63
          31       0.02      0.01      0.01        97
          32       0.00      0.00      0.00       143
          33       0.01      0.01      0.01        84
          34       0.08      0.05      0.06       353
          35       0.00      0.00      0.00       103
          36       0.00      0.00      0.00       132
          37       0.03      0.03      0.03       295
          38       0.01      0.01      0.01       169
          39       0.03      0.02      0.03       289
          40       0.00      0.00      0.00       171
          41       0.00      0.00      0.00       234
          42       0.03      0.02      0.03       329
          43       0.02      0.01      0.02       212
          44       0.11      0.10      0.10       686
          45       0.02      0.03      0.02       280
          46       0.04      0.03      0.03       318
          47       0.06      0.07      0.06       549
          48       0.03      0.03      0.03       405
          49       0.03      0.03      0.03       592
          50       0.05      0.03      0.04       449
          51       0.04      0.04      0.04       501
          52       0.04      0.04      0.04       605
          53       0.04      0.04      0.04       562
          54       0.08      0.10      0.09       993
          55       0.03      0.04      0.04       601
          56       0.05      0.06      0.05       640
          57       0.05      0.05      0.05       831
          58       0.04      0.03      0.04       715
          59       0.04      0.05      0.05       840
          60       0.05      0.05      0.05       720
          61       0.04      0.04      0.04       649
          62       0.05      0.05      0.05       666
          63       0.04      0.04      0.04       542
          64       0.06      0.06      0.06       857
          65       0.05      0.04      0.04       568
          66       0.05      0.04      0.04       496
          67       0.05      0.05      0.05       538
          68       0.04      0.03      0.04       409
          69       0.02      0.03      0.03       371
          70       0.04      0.04      0.04       286
          71       0.01      0.01      0.01       216
          72       0.03      0.03      0.03       229
          73       0.02      0.01      0.02       164
          74       0.09      0.09      0.09       296
          75       0.01      0.02      0.01        66
          76       0.00      0.00      0.00        52
          77       0.00      0.00      0.00        70
          78       0.03      0.04      0.04        25
          79       0.00      0.00      0.00        57
          80       0.00      0.00      0.00        11
          81       0.00      0.00      0.00        12
          82       0.00      0.00      0.00        14
          83       0.00      0.00      0.00         3
          84       0.02      0.02      0.02        62
          85       0.00      0.00      0.00         2
          86       0.00      0.00      0.00         2
          87       0.00      0.00      0.00         5
          88       0.00      0.00      0.00         2
          89       0.00      0.00      0.00        22
          90       0.00      0.00      0.00         0
          91       0.00      0.00      0.00         0

   micro avg       0.14      0.14      0.14     23010
   macro avg       0.03      0.03      0.03     23010
weighted avg       0.14      0.14      0.14     23010


 Matrix:

[[2215    0    0 ...    0    0    0]
 [   0    0    0 ...    0    0    0]
 [   0    0    0 ...    0    0    0]
 ...
 [   0    1    0 ...    0    0    0]
 [   0    0    0 ...    0    0    0]
 [   0    0    0 ...    0    0    0]]