'''RandomForestClassifier, piąty pomiar, gorszy niż DecisionTree, duża baza'''

Accuracy:

0.13511516731855716

 Report:

              precision    recall  f1-score   support

           0       0.99      1.00      0.99      2229
           1       0.00      0.00      0.00        11
           2       0.00      0.00      0.00         2
           3       0.03      0.05      0.04        60
           4       0.00      0.00      0.00         1
           5       0.00      0.00      0.00         2
           6       0.00      0.00      0.00        15
           7       0.00      0.00      0.00         3
           8       0.00      0.00      0.00        21
           9       0.00      0.00      0.00         8
          10       0.00      0.00      0.00         9
          11       0.00      0.00      0.00         6
          12       0.00      0.00      0.00         5
          13       0.18      0.28      0.22       141
          14       0.04      0.08      0.06        95
          15       0.00      0.00      0.00        18
          16       0.00      0.00      0.00        13
          17       0.00      0.00      0.00        25
          18       0.00      0.00      0.00        14
          19       0.00      0.00      0.00        59
          20       0.00      0.00      0.00        21
          21       0.04      0.10      0.06        31
          22       0.02      0.05      0.03        42
          23       0.00      0.00      0.00        32
          24       0.04      0.07      0.05       169
          25       0.00      0.00      0.00        28
          26       0.00      0.00      0.00        44
          27       0.03      0.04      0.03        84
          28       0.00      0.00      0.00        49
          29       0.03      0.05      0.04       141
          30       0.01      0.01      0.01        69
          31       0.00      0.01      0.01        89
          32       0.00      0.01      0.00       145
          33       0.00      0.00      0.00        82
          34       0.04      0.05      0.04       341
          35       0.01      0.02      0.01       108
          36       0.01      0.02      0.01       133
          37       0.04      0.07      0.05       289
          38       0.01      0.01      0.01       169
          39       0.03      0.04      0.04       284
          40       0.01      0.01      0.01       182
          41       0.02      0.03      0.02       214
          42       0.02      0.02      0.02       339
          43       0.03      0.03      0.03       206
          44       0.10      0.15      0.12       667
          45       0.01      0.01      0.01       285
          46       0.03      0.05      0.04       294
          47       0.04      0.06      0.05       536
          48       0.03      0.04      0.03       404
          49       0.03      0.02      0.03       607
          50       0.03      0.02      0.02       458
          51       0.03      0.04      0.03       495
          52       0.02      0.02      0.02       604
          53       0.04      0.04      0.04       555
          54       0.09      0.10      0.09      1032
          55       0.04      0.06      0.05       600
          56       0.05      0.04      0.05       670
          57       0.05      0.05      0.05       825
          58       0.05      0.06      0.06       696
          59       0.05      0.04      0.04       854
          60       0.05      0.05      0.05       722
          61       0.05      0.04      0.05       652
          62       0.04      0.03      0.04       656
          63       0.06      0.03      0.04       548
          64       0.06      0.04      0.05       882
          65       0.04      0.03      0.03       556
          66       0.03      0.02      0.02       475
          67       0.04      0.01      0.02       541
          68       0.03      0.01      0.01       409
          69       0.05      0.02      0.03       371
          70       0.03      0.01      0.01       292
          71       0.03      0.02      0.02       201
          72       0.01      0.00      0.01       232
          73       0.04      0.01      0.02       148
          74       0.07      0.03      0.04       305
          75       0.00      0.00      0.00        73
          76       0.00      0.00      0.00        49
          77       0.00      0.00      0.00        67
          78       0.00      0.00      0.00        25
          79       0.00      0.00      0.00        63
          80       0.00      0.00      0.00        10
          81       0.00      0.00      0.00         9
          82       0.00      0.00      0.00        16
          83       0.00      0.00      0.00         3
          84       0.00      0.00      0.00        63
          85       0.00      0.00      0.00         2
          86       0.00      0.00      0.00         2
          87       0.00      0.00      0.00         6
          88       0.00      0.00      0.00         2
          89       0.06      0.06      0.06        17
          90       0.00      0.00      0.00         1
          91       0.00      0.00      0.00         1
          92       0.00      0.00      0.00         1

   micro avg       0.14      0.14      0.14     23010
   macro avg       0.03      0.04      0.03     23010
weighted avg       0.13      0.14      0.13     23010


 Matrix:

[[2227    0    0 ...    0    0    0]
 [   0    0    0 ...    0    0    0]
 [   0    0    0 ...    0    0    0]
 ...
 [   0    0    0 ...    0    0    0]
 [   0    0    0 ...    0    0    0]
 [   0    0    0 ...    0    0    0]]