''' AdaBoostClassifier, szóśty pomiar, najgorsze wyniki mimo dobrych danych '''


Accuracy:

0.13328987396784006

 Report:

              precision    recall  f1-score   support

           0       1.00      0.92      0.96      2214
           1       0.00      0.00      0.00        11
           2       0.00      0.00      0.00         1
           3       0.00      0.00      0.00        67
           4       0.00      0.00      0.00         1
           5       0.00      0.00      0.00         2
           6       0.00      0.00      0.00        13
           7       0.00      0.00      0.00         2
           8       0.00      0.00      0.00        23
           9       0.00      0.00      0.00         8
          10       0.00      0.00      0.00         8
          11       0.00      0.00      0.00         5
          12       0.00      0.00      0.00         4
          13       0.00      0.00      0.00       151
          14       0.00      0.00      0.00       108
          15       0.00      0.00      0.00        19
          16       0.00      0.00      0.00        12
          17       0.00      0.00      0.00        25
          18       0.00      0.00      0.00        12
          19       0.00      0.00      0.00        57
          20       0.00      0.00      0.00        19
          21       0.00      0.00      0.00        37
          22       0.00      0.00      0.00        36
          23       0.00      0.00      0.00        32
          24       0.00      0.00      0.00       172
          25       0.00      0.00      0.00        25
          26       0.00      0.00      0.00        45
          27       0.00      0.00      0.00        83
          28       0.00      0.00      0.00        46
          29       0.00      0.00      0.00       129
          30       0.00      0.00      0.00        59
          31       0.00      0.00      0.00        94
          32       0.00      0.00      0.00       149
          33       0.00      0.00      0.00        91
          34       0.00      0.00      0.00       330
          35       0.00      0.00      0.00       108
          36       0.00      0.00      0.00       129
          37       0.00      0.00      0.00       293
          38       0.00      0.00      0.00       172
          39       0.00      0.00      0.00       281
          40       0.00      0.00      0.00       172
          41       0.00      0.00      0.00       234
          42       0.00      0.00      0.00       329
          43       0.00      0.00      0.00       208
          44       0.00      0.00      0.00       689
          45       0.00      0.00      0.00       289
          46       0.00      0.00      0.00       317
          47       0.00      0.00      0.00       546
          48       0.00      0.00      0.00       399
          49       0.00      0.00      0.00       589
          50       0.00      0.00      0.00       447
          51       0.00      0.00      0.00       528
          52       0.00      0.00      0.00       611
          53       0.00      0.00      0.00       556
          54       0.18      0.22      0.20      1017
          55       0.00      0.00      0.00       637
          56       0.00      0.00      0.00       655
          57       0.04      1.00      0.08       805
          58       0.00      0.00      0.00       715
          59       0.00      0.00      0.00       850
          60       0.00      0.00      0.00       716
          61       0.00      0.00      0.00       658
          62       0.00      0.00      0.00       673
          63       0.00      0.00      0.00       543
          64       0.00      0.00      0.00       859
          65       0.00      0.00      0.00       531
          66       0.00      0.00      0.00       474
          67       0.00      0.00      0.00       525
          68       0.00      0.00      0.00       398
          69       0.00      0.00      0.00       365
          70       0.00      0.00      0.00       292
          71       0.00      0.00      0.00       221
          72       0.00      0.00      0.00       221
          73       0.00      0.00      0.00       150
          74       0.00      0.00      0.00       298
          75       0.00      0.00      0.00        75
          76       0.00      0.00      0.00        62
          77       0.00      0.00      0.00        72
          78       0.00      0.00      0.00        28
          79       0.00      0.00      0.00        55
          80       0.00      0.00      0.00        12
          81       0.00      0.00      0.00        12
          82       0.00      0.00      0.00        14
          83       0.00      0.00      0.00         2
          84       0.07      0.21      0.11        58
          85       0.00      0.00      0.00         2
          86       0.00      0.00      0.00         2
          87       0.00      0.00      0.00         5
          88       0.00      0.00      0.00         1
          89       0.00      0.00      0.00        19
          90       0.00      0.00      0.00         0
          91       0.00      0.00      0.00         1

   micro avg       0.13      0.13      0.13     23010
   macro avg       0.01      0.03      0.01     23010
weighted avg       0.11      0.13      0.10     23010


 Matrix:

[[2026    0    0 ...    0  186    0]
 [   0    0    0 ...    0    0    0]
 [   0    0    0 ...    0    0    0]
 ...
 [   0    0    0 ...    0    0    0]
 [   0    0    0 ...    0    0    0]
 [   0    0    0 ...    0    0    0]]